1904
56396
56397
56398
56399
56400
56401
56402
56403
56404
56405
56406
56407
56408
56409
56410
56411
56412
56413
56414
56415
56416
56417
56418
56419
56420
56541
56542
56543
56544
56545
56546
56547
56548
56549
56550
56551
56552
56553
56554
56555
56556
56557
56558
56559
56560
56561
56562
56563
56564
56565
56566
56567
56568
56569
56570
56571
56572
56573
56574
56575
56576
56577
56699
56700
56701
56702
56703
56704
56705
56706
56707
56708
56709
56710
56711
56712
56713
56714
56715
56716
56717
56718
56719
56720
56721
56722
56723
56724
56725
56726
56727
56728
56729
56730
56731
56732
56733
56864
56865
56866
56867
56868
56869
56870
56871
56872
56873
56874
56875
56876
56877
56878
56879
56880
56881
56882
56883
56884
56885
56886
56887
56888
56889
56890
56891
56892
56893
56894
56895
56896
56897
56898
56899
56900
56901
57032
57033
57034
57035
57036
57037
57038
57039
57040
57041
57042
57043
210938
210939
210940
210941
210942
210943
210944
210945
210946
210947
210948
210949
211091
211092
211093
211094
211095
211096
211097
211098
211099
211100
211101
211102
211103
211104
211105
211106
211107
211108
211109
211110
211111
211112
211113
211114
211115
211116
211117
211118
211119
211120
224610
228425
228426
231982
232993
239726
239852
240049
240097
240620
241607
242837
243219
243220
243221
243223
243224
243225
243226
243386
243387
243388
243437
243438
244262
244263
244264
244265
244266
244267
250096
251002
252286
252287
252288
252289
252290
252291
256508
256678
258767
264545
268635
268636
268637
269042
269043
269110
269203
283903
283904
286262
286403
286404
286405
286406
286407
286413
286414
286415
286416
286421
286422
286423
286424
286438
286439
286440
287709
287710
287711
287712
293172
293480
293481
293483
296073
297066
299311
299312
300366
300367
309604
312293
312295
314508
314509
317452
322713
328779
328780
331449
331828
333055
333057
334464
334465
334466
336292
344134
345172
345173
346586
350319
350320
353083
354858
358916
361118
361232
361234
361235
361236
361444
361445
361450
361451
361452
362301
366208
366217
376494
376495
376496
376500
376501
376730
376765
377538
378110
379271
379272
379273
379680
379681
379824
380032
380033
380253
385404
389683
393312
393754
396403
396771
402038
408919
408920
408923
409902
411410
411411
414753
418336
422411
422412
422413
431825
431826
431827
431833
431834
431835
431854
432397
432398
432399
432401
432403
432404
433914
434819
434821
436178
436387
436713
436714
436715
436716
449570
449571
453108
453806
456247
456248
458062
460543
460544
462323
462324
462741
462742
467763
467764
470667
476071
478033
478041
478056
480105
480106
480992
481004
481006
481164
481165
481166
481167
481168
481169
481171
481172
481173
481429
481430
485536
486649
487689
487695
490081
490170
494546
497152
497153
504793
504794
504804
504808
511233
511234
527478
527479
536035
536036
536901
537376
537377
537378
537379
547370
547371
547372
551007
551009
551010
551014
551015
551016
551263
552714
565888
565889
565890
577548
577549
577550
578682
578683
590398
591643
591644
592162
592163
595841
595842
599168
600204
600208
600209
600210
600211
600216
606654
606747
607456
608854
608855
610760
611200
611201
612419
612420
615989
617145
620745
620746
620747
620748
620749
620798
620799
624099
632907
635424
636881
636882
636883
644574
644575
644777
651810
651811
652243
652259
652272
657775
657776
657777
657778
657779
657780
657781
657916
657917
657918
666765
673453
677826
677830
677840
677841
686937
686938
686943
686990
696326
696327
696328
696329
696330
699139
699140
699141
699143
699145
699147
699149
699150
699151
699152
699153
699154
699155
699156
699159
701776
701777
702828
702851
702856
702857
704299
704300
709686
711426
711429
714170
714171
720505
720710
724041
724051
724052
724053
725344
725345
725730
725731
725732
725734
729747
730195
735940
736320
736814
743121
743454
745329
746647
747370
747371
747461
747462
748349
749698
756448
761189
767198
768623
770644
771322
771323
771547
771548
774972
775817
775824
776101
776102
776105
776106
776649
776654
779453
779454
780350
780351
780352
780933
780934
780938
780939
1053208
1061257
1061259
1061261
1063330
1075781
1075782
1075783
1075784
1075785
1075794
1075795
1075796
1075797
1075855
1075856
1075857
1076036
1076081
1076082
1095219
1095226
1095227
1095228
1096583
1096585
1117281
1117357
1121257
1122073
1138548
1142522
1142523
1142524
1142525
1142526
1143108
1143109
1143384
1155282
1155283
1159506
1159578
1159584
1159615
1165010
1165011
1165391
1165392
1165393
1165394
1165395
1165396
1167481
1167482
1169487
1169488
1175659
1175660
1175661
1175662
1175663
1175664
1175665
1179938
1182588
1182589
1182590
1182607
1185511
1187845
1194058
1194769
1194770
1195269
1197367
1197378
1197846
1197849
1198386
1201343
1201344
1203574
1203584
1203585
1203586
1203587
1206840
1206841
1206843
1206844
1224826
1224828
1224830
1225979
1226759
1227434
1227436
1228597
1228598
1228599
1228600
1231675
1231676
1236890
1236891
1239195
1239196
1239197
1240569
1244074
1244077
1245883
1245884
1250350
1250351
1250352
1250353
1250357
1250358
1250359
1250360
1251496
1251505
1252045
1252046
1252049
1252051
1254805
1254806
1254807
1254810
1264620
1265043
1268056
1268057
1268058
1269401
1273775
1273776
1274490
1274495
1274535
1274800
1274801
1279113
1284053
1284054
1284066
1284067
1287948
1287949
1288087
1288088
1288328
1288329
1294874
1294922
1302329
1302342
1306065
1306928
1306930
1306932
1306934
1309918
1309919
1310522
1322189
1322190
1322191
1324294
1325811
1326452
1326609
1326614
1326622
1326623
1327275
1327276
1327277
1327631
1327633
1327805
1327808
1327956
1333371
1333372
1333373
1333374
1337469
1337470
1337481
1337482
1337582
1337583
1339692
1339693
1346045
1347618
1347619
1347620
1352095
1352096
1358575
1359176
1361510
1363189
1363190
1363340
1363341
1363365
1363366
1374093
1374094
1378651
1382328
1382329
1382330
1382599
1382600
1382607
1382608
1383386
1383387
1383388
1383389
1383390
1383391
1383392
1387408
1387409
1387410
1387411
1390166
1390167
1390176
1390177
1390208
1390209
1390210
1390211
1390212
1396987
1400707
1400708
1400711
1401812
1401813
1401818
1401819
1401820
1401822
1401823
1401824
1401825
1401826
1401830
1401831
1407988
1413829
1415044
1426110
1426112
1428609
1428613
1428614
1428615
1428616
1428617
1428618
1428690
1428691
1428700
1428701
1428712
1428713
1428714
1428715
1431482
1431483
1442286
1443965
1443966
1443967
1443978
1443979
1447300
1447301
1447305
1447306
1447307
1448230
1453061
1453062
1453394
1457569
1472923
1472924
1472925
1472926
1472927
1472928
1472929
1472930
1472931
1472932
1472933
1472934
1472935
1472936
1472937
1472938
1472940
1472941
1472942
1472947
1472948
1472950
1472951
1472952
1478721
1478722
1478733
1478734
1481805
1481806
1481807
1486385
1486759
1486765
1500678
1500679
1500681
1507687
1507689
1507694
1507695
1507750
1508588
1520397
1520398
1520399
1520400
1537211
1544044
1544048
1544049
1544050
1544057
1544058
1544059
1544060
1544061
1544067
1544068
1544069
1544070
1544076
1551202
1551203
1551900
1562002
1562003
1562010
1562011
1562101
1562102
1563007
1563008
1563009
1563013
1563014
1563015
1564585
1566675
1566676
1566743
1566744
1566745
1566778
1577582
1577583
1585186
1585187
1585188
1585189
1585190
1585191
1585192
1585193
1601654
1601657
1601658
1601659
1609804
1609821
1609822
1609823
1609824
1609825
1609859
1610469
1631081
1638092
1638093
1648729
1648730
1648731
1651221
1651222
1651223
1651224
1651225
1651226
1655966
1655967
1655968
1655970
1655971
1655972
1655973
1659501
1659502
1659503
1667417
1667418
1673144
1673146
1673147
1673148
1673149
1673154
1673156
1689290
1689313
1692473
1701969
1702012
1702822
1702823
1702824
1702825
1702826
1703217
1703218
1703219
1703331
1703332
1708523
1708533
1708534
1713804
1713805
1723562
1724032
1727988
1727989
1727990
1728398
1728414
1732040
1733013
1736595
1736602
1736603
1736606
1736607
1736608
1737446
1737447
1737448
1737449
1737450
1738949
1740932
1740933
1758341
1758342
1758988
1759310
1759311
1759312
1759313
1759314
1763576
1763577
1763578
1763579
1765566
1765569
1779158
1779194
1779228
1779229
1779298
1781535
1798415
1803398
1808044
1808045
1808046
1808048
1808049
1808050
1808110
1810247
1810249
1810251
1810252
1811235
1811236
1817036
1823979
1823980
1823981
1823982
1823983
1826593
1826602
1830490
1830496
1849130
1849131
1854846
1858607
1859455
1859464
1859467
1859469
1862078
1862079
1862088
1867660
1867663
1877736
1877737
1877738
1884188
1884189
1885559
1885561
1885562
1888016
1888017
1888018
1888019
1888020
1888021
1888022
1888023
1888036
1888037
1888098
1891163
1891164
1891165
1891166
1891167
1891168
1894518
1899156
1906038
1911379
1911380
1911382
1911684
1911685

